23
Saimiri_sciureus             0.0000000 0.2027622 0.1875495 0.1664614 0.3229123 0.3306242 0.3582088 0.3696457 0.3807047 0.3901178 0.3393569 0.3614552 0.3536396 0.3217031 0.4223987 0.3570058 0.3954323 0.3760943 0.3738023 0.3631011 0.4012571 0.3659075 0.3650838 
Callicebus_donacophilus      0.2027622 0.0000000 0.1534695 0.1573821 0.3046197 0.2781703 0.3106269 0.3285520 0.3380178 0.3526134 0.2871867 0.3098155 0.3142897 0.2973197 0.3479009 0.3245771 0.3772785 0.3062705 0.3461826 0.3403492 0.3297152 0.3240672 0.3642213 
Cebus_albifrons              0.1875495 0.1534695 0.0000000 0.1441888 0.3456696 0.2868166 0.3526623 0.3535965 0.3471902 0.3543164 0.3355816 0.3666396 0.3751631 0.3352189 0.4004912 0.3650056 0.3680288 0.3300563 0.3789960 0.3489662 0.3589508 0.3109849 0.3749104 
Aotus_trivirgatus            0.1664614 0.1573821 0.1441888 0.0000000 0.3094360 0.2780327 0.3168379 0.3074494 0.3268843 0.3195037 0.3069353 0.3211279 0.3433899 0.2938337 0.3724909 0.3309363 0.3509340 0.3197084 0.3316837 0.3190004 0.3561567 0.3011843 0.3704610 
Hylobates_lar                0.3229123 0.3046197 0.3456696 0.3094360 0.0000000 0.1383206 0.2413664 0.2061462 0.2279126 0.3462168 0.3327700 0.3258365 0.3282606 0.3312595 0.3669019 0.3234767 0.3793426 0.3737129 0.3659837 0.3717625 0.3232976 0.3275492 0.3555097 
Pan_paniscus                 0.3306242 0.2781703 0.2868166 0.2780327 0.1383206 0.0000000 0.1961681 0.1839056 0.1899336 0.3529937 0.3261431 0.3360029 0.3335031 0.3521554 0.3791451 0.2895053 0.3702499 0.3715859 0.4025389 0.3769645 0.3392751 0.3343311 0.3246702 
Colobus_guereza              0.3582088 0.3106269 0.3526623 0.3168379 0.2413664 0.1961681 0.0000000 0.1556370 0.1726367 0.3939338 0.3570897 0.3878202 0.3900551 0.3637806 0.4425873 0.3188269 0.4013200 0.3691166 0.4038718 0.3701259 0.3864632 0.3430417 0.4137345 
Chlorocebus_aethiops         0.3696457 0.3285520 0.3535965 0.3074494 0.2061462 0.1839056 0.1556370 0.0000000 0.1175564 0.4197395 0.3449276 0.3545742 0.3767947 0.3486073 0.4220849 0.3441437 0.4247252 0.3628058 0.4350217 0.4033495 0.3978526 0.3650783 0.3993567 
Macaca_mulatta               0.3807047 0.3380178 0.3471902 0.3268843 0.2279126 0.1899336 0.1726367 0.1175564 0.0000000 0.4311344 0.3607750 0.3943676 0.3969514 0.3939333 0.4353897 0.3566549 0.4461459 0.3762177 0.4351132 0.4232294 0.3895829 0.3788692 0.4078728 
Tarsius_syrichta             0.3901178 0.3526134 0.3543164 0.3195037 0.3462168 0.3529937 0.3939338 0.4197395 0.4311344 0.0000000 0.2645856 0.2951811 0.2678179 0.2683919 0.2507453 0.2708983 0.3134599 0.2811459 0.2997008 0.2501752 0.2538294 0.2407037 0.3188989 
Galago_senegalensis          0.3393569 0.2871867 0.3355816 0.3069353 0.3327700 0.3261431 0.3570897 0.3449276 0.3607750 0.2645856 0.0000000 0.1068294 0.1543257 0.1857794 0.1724437 0.2502905 0.2913851 0.2572618 0.2810938 0.2415240 0.2405297 0.2380624 0.3124909 
Otolemur_crassicaudatus      0.3614552 0.3098155 0.3666396 0.3211279 0.3258365 0.3360029 0.3878202 0.3545742 0.3943676 0.2951811 0.1068294 0.0000000 0.1637046 0.1754766 0.2076845 0.2279382 0.2879552 0.2331635 0.3021945 0.2468932 0.2333150 0.2329578 0.2880036 
Perodicticus_potto           0.3536396 0.3142897 0.3751631 0.3433899 0.3282606 0.3335031 0.3900551 0.3767947 0.3969514 0.2678179 0.1543257 0.1637046 0.0000000 0.1813406 0.1838031 0.2292285 0.2636071 0.2288699 0.2683809 0.2507253 0.2333104 0.2239932 0.2717852 
Loris_tardigradus            0.3217031 0.2973197 0.3352189 0.2938337 0.3312595 0.3521554 0.3637806 0.3486073 0.3939333 0.2683919 0.1857794 0.1754766 0.1813406 0.0000000 0.1617700 0.2380656 0.2766519 0.2287444 0.2697802 0.2363121 0.2377262 0.2412323 0.2798224 
Nycticebus_coucang           0.4223987 0.3479009 0.4004912 0.3724909 0.3669019 0.3791451 0.4425873 0.4220849 0.4353897 0.2507453 0.1724437 0.2076845 0.1838031 0.1617700 0.0000000 0.2687535 0.2726597 0.2830459 0.2990728 0.2665941 0.2449772 0.2846107 0.3134505 
Daubentonia_madagascariensis 0.3570058 0.3245771 0.3650056 0.3309363 0.3234767 0.2895053 0.3188269 0.3441437 0.3566549 0.2708983 0.2502905 0.2279382 0.2292285 0.2380656 0.2687535 0.0000000 0.2330007 0.2496570 0.2797319 0.2131745 0.2066595 0.2134518 0.2706076 
Lepilemur_hubbardorum        0.3954323 0.3772785 0.3680288 0.3509340 0.3793426 0.3702499 0.4013200 0.4247252 0.4461459 0.3134599 0.2913851 0.2879552 0.2636071 0.2766519 0.2726597 0.2330007 0.0000000 0.2136874 0.2176322 0.1642737 0.1730455 0.1846136 0.2958741 
Varecia_variegata_variegata  0.3760943 0.3062705 0.3300563 0.3197084 0.3737129 0.3715859 0.3691166 0.3628058 0.3762177 0.2811459 0.2572618 0.2331635 0.2288699 0.2287444 0.2830459 0.2496570 0.2136874 0.0000000 0.2225780 0.1785597 0.1541674 0.1381605 0.2674279 
Microcebus_murinus           0.3738023 0.3461826 0.3789960 0.3316837 0.3659837 0.4025389 0.4038718 0.4350217 0.4351132 0.2997008 0.2810938 0.3021945 0.2683809 0.2697802 0.2990728 0.2797319 0.2176322 0.2225780 0.0000000 0.1415841 0.1822891 0.1735036 0.3161018 
Cheirogaleus_major           0.3631011 0.3403492 0.3489662 0.3190004 0.3717625 0.3769645 0.3701259 0.4033495 0.4232294 0.2501752 0.2415240 0.2468932 0.2507253 0.2363121 0.2665941 0.2131745 0.1642737 0.1785597 0.1415841 0.0000000 0.1444592 0.1428641 0.2622135 
Propithecus_coquereli        0.4012571 0.3297152 0.3589508 0.3561567 0.3232976 0.3392751 0.3864632 0.3978526 0.3895829 0.2538294 0.2405297 0.2333150 0.2333104 0.2377262 0.2449772 0.2066595 0.1730455 0.1541674 0.1822891 0.1444592 0.0000000 0.1328102 0.2680165 
Lemur_catta                  0.3659075 0.3240672 0.3109849 0.3011843 0.3275492 0.3343311 0.3430417 0.3650783 0.3788692 0.2407037 0.2380624 0.2329578 0.2239932 0.2412323 0.2846107 0.2134518 0.1846136 0.1381605 0.1735036 0.1428641 0.1328102 0.0000000 0.2998658 
Galeopterus_variegatus       0.3650838 0.3642213 0.3749104 0.3704610 0.3555097 0.3246702 0.4137345 0.3993567 0.4078728 0.3188989 0.3124909 0.2880036 0.2717852 0.2798224 0.3134505 0.2706076 0.2958741 0.2674279 0.3161018 0.2622135 0.2680165 0.2998658 0.0000000 
