23
Saimiri_sciureus             0.0000000 0.2102758 0.1947327 0.1731183 0.3333831 0.3409155 0.3695780 0.3816050 0.3927409 0.4029833 0.3501305 0.3728135 0.3645947 0.3323037 0.4356169 0.3678581 0.4077488 0.3881299 0.3859413 0.3749308 0.4135095 0.3779802 0.3762743 
Callicebus_donacophilus      0.2102758 0.0000000 0.1594091 0.1637214 0.3150414 0.2876040 0.3211437 0.3396355 0.3493977 0.3647934 0.2968912 0.3202026 0.3245916 0.3073570 0.3597174 0.3351021 0.3895128 0.3165758 0.3579763 0.3520524 0.3403817 0.3351273 0.3753969 
Cebus_albifrons              0.1947327 0.1594091 0.0000000 0.1501442 0.3572787 0.2963778 0.3644037 0.3655799 0.3589967 0.3658124 0.3465756 0.3785900 0.3869949 0.3462537 0.4136103 0.3763033 0.3794242 0.3409688 0.3914278 0.3605895 0.3701411 0.3213057 0.3867401 
Aotus_trivirgatus            0.1731183 0.1637214 0.1501442 0.0000000 0.3199278 0.2873755 0.3272337 0.3180604 0.3377441 0.3303432 0.3171769 0.3318769 0.3544803 0.3037788 0.3846967 0.3416639 0.3623398 0.3308664 0.3432907 0.3301686 0.3674204 0.3117632 0.3826480 
Hylobates_lar                0.3333831 0.3150414 0.3572787 0.3199278 0.0000000 0.1438326 0.2498226 0.2131365 0.2358285 0.3572649 0.3427267 0.3359177 0.3380872 0.3415605 0.3777600 0.3334213 0.3905916 0.3851399 0.3774677 0.3834685 0.3330597 0.3378134 0.3660187 
Pan_paniscus                 0.3409155 0.2876040 0.2963778 0.2873755 0.1438326 0.0000000 0.2032201 0.1905527 0.1968951 0.3639328 0.3358836 0.3463897 0.3435199 0.3630323 0.3906724 0.2986342 0.3813563 0.3830671 0.4147857 0.3884715 0.3494166 0.3449542 0.3342484 
Colobus_guereza              0.3695780 0.3211437 0.3644037 0.3272337 0.2498226 0.2032201 0.0000000 0.1618407 0.1793452 0.4065056 0.3684465 0.4000023 0.4019409 0.3753896 0.4557909 0.3287818 0.4135145 0.3806817 0.4167792 0.3818743 0.3981888 0.3539331 0.4256826 
Chlorocebus_aethiops         0.3816050 0.3396355 0.3655799 0.3180604 0.2131365 0.1905527 0.1618407 0.0000000 0.1223919 0.4328959 0.3558375 0.3657872 0.3883604 0.3598288 0.4348669 0.3549291 0.4372079 0.3743294 0.4486657 0.4160340 0.4096989 0.3769550 0.4112597 
Macaca_mulatta               0.3927409 0.3493977 0.3589967 0.3377441 0.2358285 0.1968951 0.1793452 0.1223919 0.0000000 0.4447054 0.3714452 0.4060232 0.4086717 0.4061356 0.4485173 0.3674343 0.4588528 0.3878680 0.4485674 0.4360924 0.4007906 0.3907763 0.4195463 
Tarsius_syrichta             0.4029833 0.3647934 0.3658124 0.3303432 0.3572649 0.3639328 0.4065056 0.4328959 0.4447054 0.0000000 0.2736081 0.3053405 0.2769565 0.2775215 0.2593521 0.2806032 0.3239284 0.2907491 0.3102639 0.2591725 0.2627094 0.2495287 0.3296659 
Galago_senegalensis          0.3501305 0.2968912 0.3465756 0.3171769 0.3427267 0.3358836 0.3684465 0.3558375 0.3714452 0.2736081 0.0000000 0.1113881 0.1601948 0.1927346 0.1789483 0.2586923 0.3009037 0.2665442 0.2906554 0.2502717 0.2487609 0.2467044 0.3222102 
Otolemur_crassicaudatus      0.3728135 0.3202026 0.3785900 0.3318769 0.3359177 0.3463897 0.4000023 0.3657872 0.4060232 0.3053405 0.1113881 0.0000000 0.1699330 0.1820223 0.2155293 0.2359495 0.2974028 0.2416134 0.3124446 0.2556181 0.2411137 0.2414854 0.2974636 
Perodicticus_potto           0.3645947 0.3245916 0.3869949 0.3544803 0.3380872 0.3435199 0.4019409 0.3883604 0.4086717 0.2769565 0.1601948 0.1699330 0.0000000 0.1879972 0.1905597 0.2370217 0.2720769 0.2369657 0.2775538 0.2590725 0.2412037 0.2320387 0.2806666 
Loris_tardigradus            0.3323037 0.3073570 0.3462537 0.3037788 0.3415605 0.3630323 0.3753896 0.3598288 0.4061356 0.2775215 0.1927346 0.1820223 0.1879972 0.0000000 0.1681170 0.2463842 0.2857672 0.2367554 0.2791989 0.2449900 0.2461222 0.2498782 0.2891737 
Nycticebus_coucang           0.4356169 0.3597174 0.4136103 0.3846967 0.3777600 0.3906724 0.4557909 0.4348669 0.4485173 0.2593521 0.1789483 0.2155293 0.1905597 0.1681170 0.0000000 0.2780342 0.2817280 0.2927058 0.3094168 0.2759764 0.2535664 0.2943553 0.3235027 
Daubentonia_madagascariensis 0.3678581 0.3351021 0.3763033 0.3416639 0.3334213 0.2986342 0.3287818 0.3549291 0.3674343 0.2806032 0.2586923 0.2359495 0.2370217 0.2463842 0.2780342 0.0000000 0.2412146 0.2585461 0.2894838 0.2209241 0.2142621 0.2215851 0.2791447 
Lepilemur_hubbardorum        0.4077488 0.3895128 0.3794242 0.3623398 0.3905916 0.3813563 0.4135145 0.4372079 0.4588528 0.3239284 0.3009037 0.2974028 0.2720769 0.2857672 0.2817280 0.2412146 0.0000000 0.2213127 0.2258048 0.1707367 0.1795390 0.1915461 0.3057500 
Varecia_variegata_variegata  0.3881299 0.3165758 0.3409688 0.3308664 0.3851399 0.3830671 0.3806817 0.3743294 0.3878680 0.2907491 0.2665442 0.2416134 0.2369657 0.2367554 0.2927058 0.2585461 0.2213127 0.0000000 0.2311850 0.1855246 0.1601838 0.1438489 0.2764409 
Microcebus_murinus           0.3859413 0.3579763 0.3914278 0.3432907 0.3774677 0.4147857 0.4167792 0.4486657 0.4485674 0.3102639 0.2906554 0.3124446 0.2775538 0.2791989 0.3094168 0.2894838 0.2258048 0.2311850 0.0000000 0.1473170 0.1893460 0.1804205 0.3267697 
Cheirogaleus_major           0.3749308 0.3520524 0.3605895 0.3301686 0.3834685 0.3884715 0.3818743 0.4160340 0.4360924 0.2591725 0.2502717 0.2556181 0.2590725 0.2449900 0.2759764 0.2209241 0.1707367 0.1855246 0.1473170 0.0000000 0.1501579 0.1488522 0.2714057 
Propithecus_coquereli        0.4135095 0.3403817 0.3701411 0.3674204 0.3330597 0.3494166 0.3981888 0.4096989 0.4007906 0.2627094 0.2487609 0.2411137 0.2412037 0.2461222 0.2535664 0.2142621 0.1795390 0.1601838 0.1893460 0.1501579 0.0000000 0.1382148 0.2768437 
Lemur_catta                  0.3779802 0.3351273 0.3213057 0.3117632 0.3378134 0.3449542 0.3539331 0.3769550 0.3907763 0.2495287 0.2467044 0.2414854 0.2320387 0.2498782 0.2943553 0.2215851 0.1915461 0.1438489 0.1804205 0.1488522 0.1382148 0.0000000 0.3098613 
Galeopterus_variegatus       0.3762743 0.3753969 0.3867401 0.3826480 0.3660187 0.3342484 0.4256826 0.4112597 0.4195463 0.3296659 0.3222102 0.2974636 0.2806666 0.2891737 0.3235027 0.2791447 0.3057500 0.2764409 0.3267697 0.2714057 0.2768437 0.3098613 0.0000000 
