23
Saimiri_sciureus             0.0000000 0.2027613 0.1875488 0.1664610 0.3229101 0.3306218 0.3582061 0.3696430 0.3807018 0.3901150 0.3393545 0.3614525 0.3536370 0.3217008 0.4223955 0.3570032 0.3954291 0.3760915 0.3737995 0.3630984 0.4012540 0.3659050 0.3650811 
Callicebus_donacophilus      0.2027613 0.0000000 0.1534690 0.1573817 0.3046177 0.2781684 0.3106248 0.3285498 0.3380155 0.3526111 0.2871847 0.3098134 0.3142874 0.2973175 0.3478984 0.3245748 0.3772755 0.3062685 0.3461802 0.3403469 0.3297127 0.3240651 0.3642184 
Cebus_albifrons              0.1875488 0.1534690 0.0000000 0.1441885 0.3456673 0.2868148 0.3526598 0.3535940 0.3471879 0.3543137 0.3355792 0.3666370 0.3751602 0.3352165 0.4004881 0.3650028 0.3680258 0.3300540 0.3789932 0.3489637 0.3589480 0.3109826 0.3749076 
Aotus_trivirgatus            0.1664610 0.1573817 0.1441885 0.0000000 0.3094341 0.2780310 0.3168358 0.3074473 0.3268820 0.3195015 0.3069331 0.3211257 0.3433874 0.2938317 0.3724882 0.3309339 0.3509314 0.3197064 0.3316815 0.3189983 0.3561540 0.3011824 0.3704584 
Hylobates_lar                0.3229101 0.3046177 0.3456673 0.3094341 0.0000000 0.1383203 0.2413651 0.2061449 0.2279113 0.3462143 0.3327675 0.3258341 0.3282581 0.3312569 0.3668989 0.3234743 0.3793396 0.3737100 0.3659811 0.3717597 0.3232952 0.3275468 0.3555070 
Pan_paniscus                 0.3306218 0.2781684 0.2868148 0.2780310 0.1383203 0.0000000 0.1961672 0.1839047 0.1899328 0.3529911 0.3261405 0.3360004 0.3335005 0.3521526 0.3791421 0.2895033 0.3702469 0.3715831 0.4025358 0.3769616 0.3392724 0.3343286 0.3246678 
Colobus_guereza              0.3582061 0.3106248 0.3526598 0.3168358 0.2413651 0.1961672 0.0000000 0.1556366 0.1726361 0.3939308 0.3570870 0.3878173 0.3900520 0.3637779 0.4425836 0.3188245 0.4013167 0.3691138 0.4038686 0.3701230 0.3864601 0.3430391 0.4137311 
Chlorocebus_aethiops         0.3696430 0.3285498 0.3535940 0.3074473 0.2061449 0.1839047 0.1556366 0.0000000 0.1175562 0.4197362 0.3449251 0.3545715 0.3767918 0.3486047 0.4220814 0.3441412 0.4247217 0.3628031 0.4350183 0.4033463 0.3978494 0.3650757 0.3993534 
Macaca_mulatta               0.3807018 0.3380155 0.3471879 0.3268820 0.2279113 0.1899328 0.1726361 0.1175562 0.0000000 0.4311312 0.3607721 0.3943643 0.3969481 0.3939301 0.4353862 0.3566521 0.4461420 0.3762148 0.4351098 0.4232260 0.3895797 0.3788663 0.4078695 
Tarsius_syrichta             0.3901150 0.3526111 0.3543137 0.3195015 0.3462143 0.3529911 0.3939308 0.4197362 0.4311312 0.0000000 0.2645838 0.2951792 0.2678162 0.2683902 0.2507436 0.2708968 0.3134578 0.2811441 0.2996989 0.2501736 0.2538279 0.2407025 0.3188969 
Galago_senegalensis          0.3393545 0.2871847 0.3355792 0.3069331 0.3327675 0.3261405 0.3570870 0.3449251 0.3607721 0.2645838 0.0000000 0.1068293 0.1543252 0.1857785 0.1724430 0.2502891 0.2913830 0.2572604 0.2810920 0.2415227 0.2405283 0.2380611 0.3124886 
Otolemur_crassicaudatus      0.3614525 0.3098134 0.3666370 0.3211257 0.3258341 0.3360004 0.3878173 0.3545715 0.3943643 0.2951792 0.1068293 0.0000000 0.1637040 0.1754759 0.2076836 0.2279371 0.2879532 0.2331622 0.3021926 0.2468917 0.2333136 0.2329566 0.2880017 
Perodicticus_potto           0.3536370 0.3142874 0.3751602 0.3433874 0.3282581 0.3335005 0.3900520 0.3767918 0.3969481 0.2678162 0.1543252 0.1637040 0.0000000 0.1813398 0.1838022 0.2292272 0.2636053 0.2288686 0.2683793 0.2507237 0.2333091 0.2239921 0.2717836 
Loris_tardigradus            0.3217008 0.2973175 0.3352165 0.2938317 0.3312569 0.3521526 0.3637779 0.3486047 0.3939301 0.2683902 0.1857785 0.1754759 0.1813398 0.0000000 0.1617694 0.2380644 0.2766500 0.2287430 0.2697785 0.2363108 0.2377248 0.2412308 0.2798207 
Nycticebus_coucang           0.4223955 0.3478984 0.4004881 0.3724882 0.3668989 0.3791421 0.4425836 0.4220814 0.4353862 0.2507436 0.1724430 0.2076836 0.1838022 0.1617694 0.0000000 0.2687520 0.2726577 0.2830440 0.2990709 0.2665924 0.2449757 0.2846089 0.3134482 
Daubentonia_madagascariensis 0.3570032 0.3245748 0.3650028 0.3309339 0.3234743 0.2895033 0.3188245 0.3441412 0.3566521 0.2708968 0.2502891 0.2279371 0.2292272 0.2380644 0.2687520 0.0000000 0.2329994 0.2496556 0.2797303 0.2131735 0.2066586 0.2134511 0.2706058 
Lepilemur_hubbardorum        0.3954291 0.3772755 0.3680258 0.3509314 0.3793396 0.3702469 0.4013167 0.4247217 0.4461420 0.3134578 0.2913830 0.2879532 0.2636053 0.2766500 0.2726577 0.2329994 0.0000000 0.2136862 0.2176311 0.1642731 0.1730448 0.1846128 0.2958722 
Varecia_variegata_variegata  0.3760915 0.3062685 0.3300540 0.3197064 0.3737100 0.3715831 0.3691138 0.3628031 0.3762148 0.2811441 0.2572604 0.2331622 0.2288686 0.2287430 0.2830440 0.2496556 0.2136862 0.0000000 0.2225771 0.1785589 0.1541669 0.1381603 0.2674263 
Microcebus_murinus           0.3737995 0.3461802 0.3789932 0.3316815 0.3659811 0.4025358 0.4038686 0.4350183 0.4351098 0.2996989 0.2810920 0.3021926 0.2683793 0.2697785 0.2990709 0.2797303 0.2176311 0.2225771 0.0000000 0.1415838 0.1822884 0.1735030 0.3160998 
Cheirogaleus_major           0.3630984 0.3403469 0.3489637 0.3189983 0.3717597 0.3769616 0.3701230 0.4033463 0.4232260 0.2501736 0.2415227 0.2468917 0.2507237 0.2363108 0.2665924 0.2131735 0.1642731 0.1785589 0.1415838 0.0000000 0.1444587 0.1428638 0.2622120 
Propithecus_coquereli        0.4012540 0.3297127 0.3589480 0.3561540 0.3232952 0.3392724 0.3864601 0.3978494 0.3895797 0.2538279 0.2405283 0.2333136 0.2333091 0.2377248 0.2449757 0.2066586 0.1730448 0.1541669 0.1822884 0.1444587 0.0000000 0.1328100 0.2680149 
Lemur_catta                  0.3659050 0.3240651 0.3109826 0.3011824 0.3275468 0.3343286 0.3430391 0.3650757 0.3788663 0.2407025 0.2380611 0.2329566 0.2239921 0.2412308 0.2846089 0.2134511 0.1846128 0.1381603 0.1735030 0.1428638 0.1328100 0.0000000 0.2998639 
Galeopterus_variegatus       0.3650811 0.3642184 0.3749076 0.3704584 0.3555070 0.3246678 0.4137311 0.3993534 0.4078695 0.3188969 0.3124886 0.2880017 0.2717836 0.2798207 0.3134482 0.2706058 0.2958722 0.2674263 0.3160998 0.2622120 0.2680149 0.2998639 0.0000000 
